$ 1 0.000005 10.20027730826997 42 5 43
v 80 256 80 112 0 0 40 5 0 0 0.5
w 80 112 176 112 3
w 240 112 304 112 0
r 224 192 384 192 0 0.1
r 304 112 224 192 0 2
r 304 112 384 192 0 6
r 224 192 304 256 0 7
r 384 192 304 256 0 15
w 304 256 256 256 0
w 176 256 80 256 0
r 176 112 240 112 0 14
r 176 256 256 256 0 5
x 74 55 325 58 4 24 RESISTOR\sNETWORK
x 204 90 216 93 4 10 R1
x 239 141 251 144 4 10 R2
x 358 136 370 139 4 10 R3
x 301 169 313 172 4 10 R4
x 282 223 294 226 4 10 R5
x 367 226 379 229 4 10 R6
x 204 282 216 285 4 10 R7
o 7 32 0 4098 1.25 0.1 0 2 7 3
